

Getting files for run 260627...
Ok, time to analyze
# Conditions read from  CMS_CONDITIONS  via FrontierProd 
20-Nov-2015 22:08:00 CET  Initiating request to open file root://cms-xrd-global.cern.ch//store/express/Run2015D/ExpressPhysics/FEVT/Express-v4/000/260/627/00000/001C83FD-BD81-E511-A386-02163E01381C.root
[2015-11-20 22:08:01.731474 +0100][Error  ][XRootD            ] [sbgse1.in2p3.fr:11001] Handling error while processing kXR_open (file: /store/express/Run2015D/ExpressPhysics/FEVT/Express-v4/000/260/627/00000/001C83FD-BD81-E511-A386-02163E01381C.root, mode: 0660, flags: kXR_open_read kXR_async kXR_retstat ): [ERROR] Error response.
%MSG-w XrdAdaptorInternal:  file_open 20-Nov-2015 22:08:01 CET pre-events
Failed to open file at URL root://sbgse1.in2p3.fr:11001//store/express/Run2015D/ExpressPhysics/FEVT/Express-v4/000/260/627/00000/001C83FD-BD81-E511-A386-02163E01381C.root.
%MSG
[2015-11-20 22:08:01.811937 +0100][Error  ][XRootD            ] [sbgse1.in2p3.fr:11001] Handling error while processing kXR_open (file: /store/express/Run2015D/ExpressPhysics/FEVT/Express-v4/000/260/627/00000/001C83FD-BD81-E511-A386-02163E01381C.root?tried=, mode: 0660, flags: kXR_open_read kXR_async kXR_retstat ): [ERROR] Error response.
%MSG-w XrdAdaptorInternal:  file_open 20-Nov-2015 22:08:01 CET pre-events
Failed to open file at URL root://sbgse1.in2p3.fr:11001//store/express/Run2015D/ExpressPhysics/FEVT/Express-v4/000/260/627/00000/001C83FD-BD81-E511-A386-02163E01381C.root?tried=.
%MSG
20-Nov-2015 22:08:01 CET  Fallback request to file root://cmsxrootd.fnal.gov//store/express/Run2015D/ExpressPhysics/FEVT/Express-v4/000/260/627/00000/001C83FD-BD81-E511-A386-02163E01381C.root?source=glow
%MSG-w XrdAdaptor:  file_open 20-Nov-2015 22:08:32 CET pre-events
Data is served from cern.ch instead of original site T2_US_Nebraska
%MSG
20-Nov-2015 22:08:32 CET  Successfully opened file root://cmsxrootd.fnal.gov//store/express/Run2015D/ExpressPhysics/FEVT/Express-v4/000/260/627/00000/001C83FD-BD81-E511-A386-02163E01381C.root?source=glow
Begin processing the 1st record. Run 260627, Event 793367889, LumiSection 444 at 20-Nov-2015 22:08:38.448 CET
******* ECAL LUT ********
eta 1   2     3     4     5     6     7     8     9    10    11    12    13    14    15    16    17    18    19    20    21    22    23    24    25    26    27    28
  0     0     0     0     0     0     0     0     0     0     0     0     0     0     0     0     0     0     0     0     0     0     0     0     0     0     0     0
  1     1     1     1     1     1     1     1     1     1     1     1     1     1     1     1     1     1     1     1     1     1     1     1     1     1     1     1
  2     2     2     2     2     2     2     2     2     2     2     2     2     2     2     3     3     3     3     3     3     3     3     3     3     3     2     2
  3     3     3     3     3     3     3     3     3     3     3     4     4     4     4     4     4     5     4     5     5     5     5     5     4     4     3     3
  4     4     4     4     4     4     4     4     4     5     5     5     5     5     5     6     6     7     6     7     7     7     6     6     6     6     4     4
  5     5     5     5     6     6     6     6     6     6     6     6     7     7     7     7     7     9     7     8     8     8     8     8     8     7     5     5
  7     7     7     7     7     7     7     7     7     7     7     8     8     8     8     9     9    10     9    10    10    10    10    10     9     9     6     6
  8     8     8     8     8     8     8     8     8     8     9     9     9    10    10    10    10    12    11    12    12    12    11    11    11    10     7     7
  9     9     9     9     9     9     9     9     9    10    10    10    11    11    11    12    12    14    12    14    14    14    13    13    12    12     8     8
 10    10    10    10    10    10    10    11    11    11    11    12    12    13    13    13    13    16    14    15    15    15    15    15    14    14     9     9
 11    11    11    11    12    12    12    12    12    12    13    13    14    14    14    15    15    18    15    17    17    17    16    16    16    15    10    10
 13    12    12    13    13    13    13    13    13    14    14    14    15    16    16    16    16    19    17    19    19    19    18    18    17    17    11    11
 14    14    14    14    14    14    14    14    14    15    15    16    17    17    17    18    18    21    19    21    21    21    20    20    19    18    12    12
 15    15    15    15    15    15    15    15    16    16    16    17    18    19    19    19    19    23    20    22    22    23    22    21    21    20    13    13
 16    16    16    16    16    16    17    17    17    17    18    18    19    20    20    21    21    25    22    24    24    24    23    23    22    21    14    14
 17    17    17    17    18    18    18    18    18    19    19    20    21    22    22    22    22    27    23    26    26    26    25    25    24    23    15    15
 18    18    18    19    19    19    19    19    19    20    20    21    22    23    23    24    24    29    25    28    28    28    27    26    25    25    16    16
 20    19    20    20    20    20    20    20    21    21    22    22    24    25    25    25    25    30    27    29    30    30    28    28    27    26    17    17
 21    21    21    21    21    21    21    22    22    23    23    24    25    26    26    27    27    32    28    31    31    31    30    30    29    28    18    18
 22    22    22    22    23    23    23    23    23    24    24    25    27    28    28    28    29    34    30    33    33    33    32    31    30    29    19    19
 22    22    22    22    22    22    22    22    23    23    23    23    24    25    25    25    26    34    27    30    30    30    28    28    27    26    20    20
 23    23    23    23    24    24    24    24    24    24    24    25    25    26    26    26    28    35    28    32    32    32    30    29    28    28    21    21
 24    24    24    25    25    25    25    25    25    25    25    26    27    28    28    28    29    37    30    33    34    33    31    30    30    29    22    22
 26    25    25    26    26    26    26    26    26    27    27    27    28    29    29    29    31    39    31    35    35    35    33    32    31    30    23    23
 27    27    27    27    27    27    27    27    27    28    28    28    29    30    30    30    32    41    32    36    37    36    34    33    33    32    24    24
 28    28    28    28    28    28    28    28    28    29    29    29    30    31    31    32    33    42    34    38    38    38    35    35    34    33    25    25
 29    29    29    29    29    29    29    29    30    30    30    31    32    33    33    33    35    44    35    39    40    39    37    36    35    34    26    26
 30    30    30    30    30    31    30    31    31    31    31    32    33    34    34    34    36    46    37    41    41    41    38    37    37    36    27    27
 31    31    31    31    32    32    32    32    32    32    33    33    34    35    35    35    37    47    38    42    43    42    40    39    38    37    28    28
 32    32    32    32    33    33    33    33    33    34    34    34    35    37    37    37    39    49    39    44    44    44    41    40    39    38    29    29
 35    35    35    35    35    35    36    36    36    36    36    36    37    38    38    38    40    48    38    42    42    42    41    40    39    38    30    30
 36    36    36    36    36    37    37    37    38    37    37    37    38    39    40    39    41    49    39    43    44    44    42    41    41    40    31    31
 37    37    37    37    38    38    38    38    39    39    39    39    40    40    41    41    42    51    41    45    45    45    43    43    42    41    32    32
 38    38    38    38    39    39    39    39    40    40    40    40    41    42    42    42    44    53    42    46    47    46    45    44    43    42    33    33
 40    40    39    39    40    40    40    41    41    41    41    41    42    43    44    43    45    54    43    48    48    48    46    45    45    44    34    34
 41    41    41    41    41    41    42    42    42    42    42    42    43    44    45    45    46    56    44    49    49    49    47    47    46    45    35    35
 42    42    42    42    42    43    43    43    44    44    44    44    45    46    46    46    48    57    46    50    51    51    49    48    47    46    36    36
 43    43    43    43    44    44    44    44    45    45    45    45    46    47    48    47    49    59    47    52    52    52    50    49    49    48    37    37
 44    44    44    44    45    45    45    45    46    46    46    46    47    48    49    48    50    61    48    53    54    53    51    51    50    49    38    38
 46    45    45    45    46    46    46    47    47    47    47    47    48    49    50    50    52    62    50    55    55    55    53    52    51    50    39    39
 44    44    44    44    44    45    45    46    46    47    46    46    48    49    49    49    52    58    49    53    53    54    52    51    50    49    40    40
 45    45    45    46    46    47    46    47    47    48    47    48    49    50    50    51    53    60    50    54    55    55    53    52    52    50    41    41
 46    46    46    47    47    48    48    48    48    49    49    49    51    52    51    52    54    61    51    55    56    56    54    53    53    52    42    42
 48    48    48    48    48    49    49    49    50    51    50    50    52    53    52    53    55    63    52    57    57    58    55    55    54    53    43    43
 49    49    49    49    49    50    50    50    51    52    51    51    53    54    54    54    57    64    54    58    59    59    57    56    55    54    44    44
 50    50    50    50    50    51    51    51    52    53    52    52    54    55    55    56    58    66    55    59    60    60    58    57    57    55    45    45
 51    51    51    51    51    52    52    53    53    54    53    54    56    56    56    57    59    67    56    61    62    62    59    59    58    57    46    46
 52    52    52    52    52    53    53    54    54    55    55    55    57    58    57    58    61    69    57    62    63    63    61    60    59    58    47    47
 53    53    53    53    53    55    54    55    55    56    56    56    58    59    59    59    62    70    58    63    64    64    62    61    60    59    48    48
 54    54    54    55    55    56    56    56    57    58    57    57    59    60    60    61    63    72    60    65    66    66    63    62    62    60    49    49
 54    54    54    54    54    55    55    55    55    56    56    57    58    58    59    58    62    68    60    64    64    65    63    62    62    61    50    50
 55    55    55    55    55    56    56    56    57    57    57    58    59    60    60    59    63    69    61    65    66    66    64    64    63    62    51    51
 56    56    56    56    56    57    57    57    58    58    58    59    60    61    61    60    64    71    62    66    67    67    65    65    64    63    52    52
 57    57    57    57    57    58    58    58    59    60    59    60    61    62    62    62    66    72    63    68    68    69    67    66    66    64    53    53
 58    58    58    58    58    59    59    59    60    61    60    61    62    63    64    63    67    73    64    69    70    70    68    67    67    66    54    54
 59    59    59    59    59    60    60    61    61    62    61    62    64    64    65    64    68    75    66    70    71    71    69    69    68    67    55    55
 60    60    60    60    60    61    61    62    62    63    62    64    65    65    66    65    69    76    67    71    72    72    71    70    69    68    56    56
 61    61    61    62    61    62    62    63    63    64    64    65    66    67    67    66    71    77    68    73    74    74    72    71    71    69    57    57
 62    62    63    63    63    63    64    64    64    65    65    66    67    68    68    67    72    79    69    74    75    75    73    72    72    70    58    58
 63    63    64    64    64    64    65    65    65    66    66    67    68    69    70    69    73    80    70    75    76    76    74    74    73    72    59    59
 64    64    64    64    64    65    64    65    65    66    66    66    67    69    69    68    71    79    70    75    76    77    74    74    73    72    60    60
 65    65    65    65    65    66    66    66    66    67    67    67    68    70    70    70    73    80    71    76    78    78    75    75    74    73    61    61
 66    66    66    66    66    67    67    67    68    68    68    68    69    71    71    71    74    82    72    78    79    79    77    76    76    74    62    62
 67    67    67    67    67    68    68    68    69    69    69    69    71    72    72    72    75    83    74    79    80    80    78    77    77    75    63    63
 68    68    68    68    69    69    69    69    70    70    70    70    72    73    74    73    76    84    75    80    81    82    79    79    78    76    64    64
 69    69    69    69    70    70    70    70    71    71    71    71    73    74    75    74    77    86    76    81    83    83    80    80    79    78    65    65
 70    70    70    70    71    71    71    71    72    73    72    73    74    76    76    75    79    87    77    83    84    84    82    81    80    79    66    66
 71    71    71    71    72    72    72    72    73    74    73    74    75    77    77    76    80    88    78    84    85    86    83    82    82    80    67    67
 73    72    72    72    73    74    73    73    74    75    74    75    76    78    78    78    81    90    79    85    86    87    84    84    83    81    68    68
 74    73    73    73    74    75    74    75    75    76    75    76    77    79    79    79    82    91    81    86    88    88    85    85    84    82    69    69
 74    74    74    74    74    74    74    75    75    76    76    76    77    79    78    79    81    90    81    85    87    87    85    84    84    82    70    70
 75    75    75    75    75    75    76    76    76    77    77    77    78    80    79    80    83    91    82    87    88    88    86    86    85    84    71    71
 76    76    76    76    76    76    77    77    77    78    78    78    79    81    81    81    84    92    83    88    89    90    87    87    86    85    72    72
 77    77    77    77    77    78    78    78    78    79    79    79    80    82    82    82    85    94    84    89    91    91    89    88    87    86    73    73
 78    78    78    78    78    79    79    79    80    80    80    80    81    83    83    83    86    95    86    90    92    92    90    89    89    87    74    74
 79    79    79    79    80    80    80    80    81    81    81    81    82    84    84    84    87    96    87    92    93    94    91    90    90    88    75    75
 80    80    80    80    81    81    81    81    82    82    82    82    84    85    85    85    88    98    88    93    94    95    92    92    91    89    76    76
 81    81    81    81    82    82    82    82    83    83    83    83    85    87    86    87    90    99    89    94    96    96    93    93    92    91    77    77
 82    82    82    82    83    83    83    83    84    84    84    84    86    88    87    88    91   100    90    95    97    97    95    94    94    92    78    78
 83    83    83    83    84    84    84    84    85    86    85    85    87    89    88    89    92   101    91    97    98    99    96    95    95    93    79    79
 82    82    82    82    83    83    83    83    83    84    84    85    86    88    88    88    91   101    91    97    98    99    96    96    95    93    80    80
 83    83    83    83    84    84    84    84    84    86    85    86    87    89    89    89    92   103    92    98    99   100    97    97    96    94    81    81
 84    84    84    84    85    85    85    86    85    87    86    87    89    90    90    90    93   104    93    99   101   101    99    98    98    95    82    82
 85    85    85    86    86    86    86    87    87    88    87    88    90    91    91    91    94   105    95   100   102   102   100    99    99    96    83    83
 87    86    86    87    87    87    87    88    88    89    88    89    91    92    92    92    96   106    96   102   103   104   101   100   100    98    84    84
 88    87    87    88    88    88    88    89    89    90    89    90    92    93    93    93    97   108    97   103   104   105   102   102   101    99    85    85
 89    88    88    89    89    89    89    90    90    91    91    91    93    94    94    95    98   109    98   104   106   106   103   103   102   100    86    86
 90    89    89    90    90    90    90    91    91    92    92    92    94    95    95    96    99   110    99   105   107   107   105   104   104   101    87    87
 91    90    90    91    91    91    92    92    92    93    93    93    95    97    96    97   100   112   100   106   108   109   106   105   105   102    88    88
 92    91    91    92    92    92    93    93    93    94    94    94    96    98    97    98   101   113   101   108   109   110   107   106   106   103    89    89
 93    92    92    93    93    93    93    94    94    95    94    95    96    98    98    98   102   113   102   108   109   110   107   107   107   105    90    90
 94    93    93    94    94    94    94    95    95    96    96    96    98    99    99    99   103   114   103   109   111   111   109   108   108   106    91    91
 95    94    94    95    95    96    95    96    96    97    97    97    99   101   100   100   104   115   104   110   112   112   110   110   109   107    92    92
 96    95    95    96    96    97    96    97    97    98    98    98   100   102   101   101   105   117   106   112   113   114   111   111   110   108    93    93
 97    96    96    97    97    98    97    98    98    99    99    99   101   103   102   102   106   118   107   113   114   115   112   112   111   109    94    94
 98    97    97    98    98    99    99    99    99   100   100   100   102   104   103   104   107   119   108   114   116   116   113   113   113   110    95    95
 99    98    98    99    99   100   100   100   100   101   101   101   103   105   104   105   109   121   109   115   117   117   115   114   114   112    96    96
100    99    99   100   100   101   101   101   102   102   102   102   104   106   106   106   110   122   110   116   118   119   116   116   115   113    97    97
101   100   101   101   101   102   102   102   103   103   103   104   105   107   107   107   111   123   111   118   119   120   117   117   116   114    98    98
102   101   102   102   102   103   103   103   104   104   104   105   106   108   108   108   112   124   112   119   120   121   118   118   117   115    99    99
103   102   103   103   103   104   104   104   105   105   105   106   107   109   109   109   113   126   114   120   122   122   119   119   119   116   100   100
104   103   104   104   104   105   105   105   106   106   106   107   108   110   110   110   114   127   115   121   123   124   121   120   120   117   101   101
105   105   105   105   106   106   106   106   107   107   107   108   109   112   111   111   115   128   116   122   124   125   122   122   121   119   102   102
106   106   106   106   107   107   107   107   108   109   108   109   110   113   112   112   116   129   117   124   125   126   123   123   122   120   103   103
107   107   107   107   108   108   108   108   109   110   109   110   112   114   113   113   118   131   118   125   127   127   124   124   123   121   104   104
108   108   108   108   109   109   109   109   110   111   110   111   113   115   114   115   119   132   119   126   128   128   125   125   125   122   105   105
109   109   109   109   110   110   110   110   111   112   111   112   114   116   115   116   120   133   120   127   129   130   127   126   126   123   106   106
110   110   110   110   111   111   111   111   112   113   112   113   115   117   116   117   121   134   122   128   130   131   128   128   127   124   107   107
111   111   111   111   112   112   112   112   113   114   113   114   116   118   118   118   122   136   123   130   131   132   129   129   128   126   108   108
112   112   112   112   113   113   113   113   114   115   115   115   117   119   119   119   123   137   124   131   133   133   130   130   129   127   109   109
113   113   113   113   114   114   114   114   115   116   116   116   118   120   120   120   124   138   125   132   134   135   131   131   130   128   110   110
114   114   114   114   115   115   115   115   116   117   117   117   119   121   121   121   126   139   126   133   135   136   133   132   132   129   111   111
115   115   115   115   116   116   116   117   117   118   118   118   120   123   122   122   127   141   127   135   136   137   134   134   133   130   112   112
116   116   116   116   117   117   117   118   118   119   119   119   121   124   123   123   128   142   128   136   138   138   135   135   134   131   113   113
117   117   117   118   118   118   118   119   119   120   120   121   122   125   124   124   129   143   130   137   139   139   136   136   135   133   114   114
118   118   118   119   119   120   119   120   120   121   121   122   123   126   125   125   130   144   131   138   140   141   137   137   136   134   115   115
120   119   119   120   120   121   120   121   121   122   122   123   124   127   126   127   131   146   132   139   141   142   139   138   138   135   116   116
121   120   120   121   121   122   121   122   123   123   123   124   126   128   127   128   132   147   133   141   142   143   140   140   139   136   117   117
122   121   121   122   122   123   122   123   124   124   124   125   127   129   128   129   133   148   134   142   144   144   141   141   140   137   118   118
123   122   122   123   123   124   124   124   125   125   125   126   128   130   130   130   135   150   135   143   145   146   142   142   141   138   119   119
124   123   123   124   124   125   125   125   126   127   126   127   129   131   131   131   136   151   136   144   146   147   143   143   142   140   120   120
125   124   124   125   125   126   126   126   127   128   127   128   130   132   132   132   137   152   138   145   147   148   145   144   144   141   121   121
126   125   125   126   126   127   127   127   128   129   128   129   131   134   133   133   138   153   139   147   149   149   146   146   145   142   122   122
127   126   126   127   127   128   128   128   129   130   129   130   132   135   134   134   139   155   140   148   150   151   147   147   146   143   123   123
128   127   127   128   128   129   129   129   130   131   130   131   133   136   135   135   140   156   141   149   151   152   148   148   147   144   124   124
129   128   128   129   129   130   130   130   131   132   131   132   134   137   136   136   141   157   142   150   152   153   149   149   148   145   125   125
130   129   129   130   130   131   131   131   132   133   132   133   135   138   137   138   143   158   143   151   153   154   151   150   150   147   126   126
131   130   130   131   132   132   132   132   133   134   134   134   136   139   138   139   144   160   144   153   155   155   152   151   151   148   127   127
132   131   131   132   133   133   133   133   134   135   135   135   137   140   139   140   145   161   146   154   156   157   153   153   152   149   128   128
133   132   132   133   134   134   134   134   135   136   136   136   138   141   141   141   146   162   147   155   157   158   154   154   153   150   129   129
134   133   134   134   135   135   135   135   136   137   137   138   140   142   142   142   147   163   148   156   158   159   155   155   154   151   130   130
135   134   135   135   136   136   136   136   137   138   138   139   141   143   143   143   148   165   149   157   159   160   157   156   156   152   131   131
136   135   136   136   137   137   137   137   138   139   139   140   142   145   144   144   149   166   150   159   161   162   158   157   157   154   132   132
137   136   137   137   138   138   138   138   139   140   140   141   143   146   145   145   151   167   151   160   162   163   159   159   158   155   133   133
138   137   138   138   139   139   139   140   140   141   141   142   144   147   146   146   152   168   152   161   163   164   160   160   159   156   134   134
139   138   139   139   140   140   140   141   141   142   142   143   145   148   147   147   153   170   154   162   164   165   161   161   160   157   135   135
140   140   140   140   141   141   141   142   143   143   143   144   146   149   148   149   154   171   155   163   166   167   163   162   161   158   136   136
141   141   141   141   142   142   142   143   144   145   144   145   147   150   149   150   155   172   156   165   167   168   164   163   163   159   137   137
142   142   142   142   143   144   143   144   145   146   145   146   148   151   150   151   156   173   157   166   168   169   165   165   164   161   138   138
143   143   143   143   144   145   144   145   146   147   146   147   149   152   151   152   157   175   158   167   169   170   166   166   165   162   139   139
144   144   144   144   145   146   145   146   147   148   147   148   150   153   153   153   158   176   159   168   170   171   167   167   166   163   140   140
145   145   145   145   146   147   146   147   148   149   148   149   151   154   154   154   160   177   160   169   172   173   169   168   167   164   141   141
146   146   146   146   147   148   148   148   149   150   149   150   152   155   155   155   161   179   162   171   173   174   170   169   169   165   142   142
147   147   147   148   148   149   149   149   150   151   150   151   154   157   156   156   162   180   163   172   174   175   171   171   170   166   143   143
148   148   148   149   149   150   150   150   151   152   151   152   155   158   157   157   163   181   164   173   175   176   172   172   171   168   144   144
150   149   149   150   150   151   151   151   152   153   152   153   156   159   158   158   164   182   165   174   177   178   173   173   172   169   145   145
151   150   150   151   151   152   152   152   153   154   154   155   157   160   159   159   165   184   166   175   178   179   175   174   173   170   146   146
152   151   151   152   152   153   153   153   154   155   155   156   158   161   160   161   166   185   167   177   179   180   176   175   175   171   147   147
153   152   152   153   153   154   154   154   155   156   156   157   159   162   161   162   168   186   168   178   180   181   177   177   176   172   148   148
154   153   153   154   154   155   155   155   156   157   157   158   160   163   162   163   169   187   170   179   181   182   178   178   177   173   149   149
155   154   154   155   155   156   156   156   157   158   158   159   161   164   163   164   170   189   171   180   183   184   179   179   178   175   150   150
156   155   155   156   156   157   157   157   158   159   159   160   162   165   165   165   171   190   172   182   184   185   181   180   179   176   151   151
157   156   156   157   158   158   158   158   159   160   160   161   163   166   166   166   172   191   173   183   185   186   182   181   181   177   152   152
158   157   157   158   159   159   159   159   160   161   161   162   164   168   167   167   173   192   174   184   186   187   183   183   182   178   153   153
159   158   158   159   160   160   160   160   161   163   162   163   165   169   168   168   174   194   175   185   188   189   184   184   183   179   154   154
160   159   159   160   161   161   161   161   163   164   163   164   166   170   169   169   176   195   176   186   189   190   185   185   184   180   155   155
161   160   160   161   162   162   162   162   164   165   164   165   168   171   170   170   177   196   178   188   190   191   187   186   185   182   156   156
162   161   161   162   163   163   163   164   165   166   165   166   169   172   171   172   178   197   179   189   191   192   188   187   186   183   157   157
163   162   162   163   164   164   164   165   166   167   166   167   170   173   172   173   179   199   180   190   192   194   189   189   188   184   158   158
164   163   163   164   165   165   165   166   167   168   167   168   171   174   173   174   180   200   181   191   194   195   190   190   189   185   159   159
165   164   164   165   166   166   166   167   168   169   168   169   172   175   174   175   181   201   182   192   195   196   191   191   190   186   160   160
166   165   165   166   167   168   167   168   169   170   169   170   173   176   176   176   182   202   183   194   196   197   193   192   191   187   161   161
167   166   166   167   168   169   168   169   170   171   170   171   174   177   177   177   183   204   184   195   197   198   194   193   192   189   162   162
168   167   168   168   169   170   169   170   171   172   171   173   175   179   178   178   185   205   186   196   199   200   195   195   194   190   163   163
169   168   169   169   170   171   170   171   172   173   173   174   176   180   179   179   186   206   187   197   200   201   196   196   195   191   164   164
170   169   170   170   171   172   171   172   173   174   174   175   177   181   180   180   187   208   188   198   201   202   197   197   196   192   165   165
171   170   171   171   172   173   173   173   174   175   175   176   178   182   181   181   188   209   189   200   202   203   199   198   197   193   166   166
172   171   172   172   173   174   174   174   175   176   176   177   179   183   182   182   189   210   190   201   203   205   200   199   198   194   167   167
173   172   173   173   174   175   175   175   176   177   177   178   180   184   183   184   190   211   191   202   205   206   201   201   200   196   168   168
174   173   174   174   175   176   176   176   177   178   178   179   182   185   184   185   191   213   192   203   206   207   202   202   201   197   169   169
175   175   175   175   176   177   177   177   178   179   179   180   183   186   185   186   193   214   194   204   207   208   203   203   202   198   170   170
176   176   176   177   177   178   178   178   179   181   180   181   184   187   186   187   194   215   195   206   208   209   205   204   203   199   171   171
177   177   177   178   178   179   179   179   180   182   181   182   185   188   188   188   195   216   196   207   210   211   206   205   204   200   172   172
178   178   178   179   179   180   180   180   181   183   182   183   186   190   189   189   196   218   197   208   211   212   207   207   206   201   173   173
180   179   179   180   180   181   181   181   182   184   183   184   187   191   190   190   197   219   198   209   212   213   208   208   207   203   174   174
181   180   180   181   181   182   182   182   184   185   184   185   188   192   191   191   198   220   199   210   213   214   209   209   208   204   175   175
182   181   181   182   182   183   183   183   185   186   185   186   189   193   192   192   199   221   200   212   214   216   211   210   209   205   176   176
183   182   182   183   183   184   184   184   186   187   186   187   190   194   193   193   200   223   201   213   216   217   212   211   210   206   177   177
184   183   183   184   185   185   185   185   187   188   187   188   191   195   194   195   202   224   203   214   217   218   213   213   211   207   178   178
185   184   184   185   186   186   186   187   188   189   188   190   192   196   195   196   203   225   204   215   218   219   214   214   213   208   179   179
186   185   185   186   187   187   187   188   189   190   189   191   193   197   196   197   204   226   205   216   219   221   215   215   214   210   180   180
187   186   186   187   188   188   188   189   190   191   190   192   195   198   197   198   205   228   206   218   221   222   217   216   215   211   181   181
188   187   187   188   189   189   189   190   191   192   192   193   196   199   198   199   206   229   207   219   222   223   218   217   216   212   182   182
189   188   188   189   190   190   190   191   192   193   193   194   197   201   200   200   207   230   208   220   223   224   219   219   217   213   183   183
190   189   189   190   191   192   191   192   193   194   194   195   198   202   201   201   208   231   209   221   224   225   220   220   219   214   184   184
191   190   190   191   192   193   192   193   194   195   195   196   199   203   202   202   210   233   211   223   225   227   221   221   220   215   185   185
192   191   191   192   193   194   193   194   195   196   196   197   200   204   203   203   211   234   212   224   227   228   223   222   221   217   186   186
193   192   192   193   194   195   194   195   196   197   197   198   201   205   204   204   212   235   213   225   228   229   224   223   222   218   187   187
194   193   193   194   195   196   195   196   197   199   198   199   202   206   205   205   213   237   214   226   229   230   225   224   223   219   188   188
195   194   194   195   196   197   197   197   198   200   199   200   203   207   206   207   214   238   215   227   230   232   226   226   225   220   189   189
196   195   195   196   197   198   198   198   199   201   200   201   204   208   207   208   215   239   216   229   232   233   227   227   226   221   190   190
197   196   196   197   198   199   199   199   200   202   201   202   205   209   208   209   216   240   217   230   233   234   229   228   227   222   191   191
198   197   197   198   199   200   200   200   201   203   202   203   206   210   209   210   218   242   219   231   234   235   230   229   228   224   192   192
199   198   198   199   200   201   201   201   202   204   203   204   207   212   210   211   219   243   220   232   235   237   231   230   229   225   193   193
200   199   199   200   201   202   202   202   204   205   204   205   209   213   212   212   220   244   221   233   236   238   232   232   231   226   194   194
201   200   201   201   202   203   203   203   205   206   205   207   210   214   213   213   221   245   222   235   238   239   233   233   232   227   195   195
202   201   202   202   203   204   204   204   206   207   206   208   211   215   214   214   222   247   223   236   239   240   235   234   233   228   196   196
203   202   203   203   204   205   205   205   207   208   207   209   212   216   215   215   223   248   224   237   240   241   236   235   234   229   197   197
204   203   204   204   205   206   206   206   208   209   208   210   213   217   216   216   224   249   225   238   241   243   237   236   235   231   198   198
205   204   205   205   206   207   207   207   209   210   209   211   214   218   217   218   225   250   227   239   243   244   238   238   236   232   199   199
206   205   206   207   207   208   208   208   210   211   211   212   215   219   218   219   227   252   228   241   244   245   239   239   238   233   200   200
207   206   207   208   208   209   209   210   211   212   212   213   216   220   219   220   228   253   229   242   245   246   241   240   239   234   201   201
208   207   208   209   209   210   210   211   212   213   213   214   217   221   220   221   229   254   230   243   246   248   242   241   240   235   202   202
210   208   209   210   211   211   211   212   213   214   214   215   218   222   221   222   230   255   231   244   247   249   243   242   241   236   203   203
211   210   210   211   212   212   212   213   214   215   215   216   219   224   223   223   231   255   232   245   249   250   244   244   242   238   204   204
212   211   211   212   213   213   213   214   215   217   216   217   220   225   224   224   232   255   233   247   250   251   245   245   244   239   205   205
213   212   212   213   214   215   214   215   216   218   217   218   221   226   225   225   233   255   235   248   251   252   247   246   245   240   206   206
214   213   213   214   215   216   215   216   217   219   218   219   223   227   226   226   235   255   236   249   252   254   248   247   246   241   207   207
215   214   214   215   216   217   216   217   218   220   219   220   224   228   227   227   236   255   237   250   254   255   249   248   247   242   208   208
216   215   215   216   217   218   217   218   219   221   220   221   225   229   228   228   237   255   238   251   255   255   250   250   248   243   209   209
217   216   216   217   218   219   218   219   220   222   221   222   226   230   229   230   238   255   239   253   255   255   251   251   250   245   210   210
218   217   217   218   219   220   219   220   221   223   222   224   227   231   230   231   239   255   240   254   255   255   253   252   251   246   211   211
219   218   218   219   220   221   220   221   222   224   223   225   228   232   231   232   240   255   241   255   255   255   254   253   252   247   212   212
220   219   219   220   221   222   222   222   224   225   224   226   229   233   232   233   241   255   243   255   255   255   255   254   253   248   213   213
221   220   220   221   222   223   223   223   225   226   225   227   230   235   233   234   243   255   244   255   255   255   255   255   254   249   214   214
222   221   221   222   223   224   224   224   226   227   226   228   231   236   235   235   244   255   245   255   255   255   255   255   255   250   215   215
223   222   222   223   224   225   225   225   227   228   227   229   232   237   236   236   245   255   246   255   255   255   255   255   255   252   216   216
224   223   223   224   225   226   226   226   228   229   228   230   233   238   237   237   246   255   247   255   255   255   255   255   255   253   217   217
225   224   224   225   226   227   227   227   229   230   230   231   234   239   238   238   247   255   248   255   255   255   255   255   255   254   218   218
226   225   225   226   227   228   228   228   230   231   231   232   235   240   239   239   248   255   249   255   255   255   255   255   255   255   219   219
227   226   226   227   228   229   229   229   231   232   232   233   237   241   240   241   249   255   251   255   255   255   255   255   255   255   220   220
228   227   227   228   229   230   230   230   232   233   233   234   238   242   241   242   250   255   252   255   255   255   255   255   255   255   221   221
229   228   228   229   230   231   231   231   233   235   234   235   239   243   242   243   252   255   253   255   255   255   255   255   255   255   222   222
230   229   229   230   231   232   232   233   234   236   235   236   240   244   243   244   253   255   254   255   255   255   255   255   255   255   223   223
231   230   230   231   232   233   233   234   235   237   236   237   241   246   244   245   254   255   255   255   255   255   255   255   255   255   224   224
232   231   231   232   233   234   234   235   236   238   237   238   242   247   245   246   255   255   255   255   255   255   255   255   255   255   225   225
233   232   232   233   234   235   235   236   237   239   238   239   243   248   247   247   255   255   255   255   255   255   255   255   255   255   226   226
234   233   233   234   235   236   236   237   238   240   239   240   244   249   248   248   255   255   255   255   255   255   255   255   255   255   227   227
235   234   235   236   237   237   237   238   239   241   240   242   245   250   249   249   255   255   255   255   255   255   255   255   255   255   228   228
236   235   236   237   238   239   238   239   240   242   241   243   246   251   250   250   255   255   255   255   255   255   255   255   255   255   229   229
237   236   237   238   239   240   239   240   241   243   242   244   247   252   251   251   255   255   255   255   255   255   255   255   255   255   230   230
238   237   238   239   240   241   240   241   242   244   243   245   248   253   252   253   255   255   255   255   255   255   255   255   255   255   231   231
240   238   239   240   241   242   241   242   243   245   244   246   249   254   253   254   255   255   255   255   255   255   255   255   255   255   232   232
241   239   240   241   242   243   242   243   245   246   245   247   251   255   254   255   255   255   255   255   255   255   255   255   255   255   233   233
242   240   241   242   243   244   243   244   246   247   246   248   252   255   255   255   255   255   255   255   255   255   255   255   255   255   234   234
243   241   242   243   244   245   244   245   247   248   247   249   253   255   255   255   255   255   255   255   255   255   255   255   255   255   235   235
244   242   243   244   245   246   245   246   248   249   249   250   254   255   255   255   255   255   255   255   255   255   255   255   255   255   236   236
245   244   244   245   246   247   247   247   249   250   250   251   255   255   255   255   255   255   255   255   255   255   255   255   255   255   237   237
246   245   245   246   247   248   248   248   250   251   251   252   255   255   255   255   255   255   255   255   255   255   255   255   255   255   238   238
247   246   246   247   248   249   249   249   251   253   252   253   255   255   255   255   255   255   255   255   255   255   255   255   255   255   239   239
248   247   247   248   249   250   250   250   252   254   253   254   255   255   255   255   255   255   255   255   255   255   255   255   255   255   240   240
249   248   248   249   250   251   251   251   253   255   254   255   255   255   255   255   255   255   255   255   255   255   255   255   255   255   241   241
250   249   249   250   251   252   252   252   254   255   255   255   255   255   255   255   255   255   255   255   255   255   255   255   255   255   242   242
251   250   250   251   252   253   253   253   255   255   255   255   255   255   255   255   255   255   255   255   255   255   255   255   255   255   243   243
252   251   251   252   253   254   254   254   255   255   255   255   255   255   255   255   255   255   255   255   255   255   255   255   255   255   244   244
253   252   252   253   254   255   255   255   255   255   255   255   255   255   255   255   255   255   255   255   255   255   255   255   255   255   245   245
254   253   253   254   255   255   255   255   255   255   255   255   255   255   255   255   255   255   255   255   255   255   255   255   255   255   246   246
255   254   254   255   255   255   255   255   255   255   255   255   255   255   255   255   255   255   255   255   255   255   255   255   255   255   247   247
255   255   255   255   255   255   255   255   255   255   255   255   255   255   255   255   255   255   255   255   255   255   255   255   255   255   248   248
255   255   255   255   255   255   255   255   255   255   255   255   255   255   255   255   255   255   255   255   255   255   255   255   255   255   249   249
255   255   255   255   255   255   255   255   255   255   255   255   255   255   255   255   255   255   255   255   255   255   255   255   255   255   250   250
255   255   255   255   255   255   255   255   255   255   255   255   255   255   255   255   255   255   255   255   255   255   255   255   255   255   251   251
255   255   255   255   255   255   255   255   255   255   255   255   255   255   255   255   255   255   255   255   255   255   255   255   255   255   252   252
255   255   255   255   255   255   255   255   255   255   255   255   255   255   255   255   255   255   255   255   255   255   255   255   255   255   253   253
255   255   255   255   255   255   255   255   255   255   255   255   255   255   255   255   255   255   255   255   255   255   255   255   255   255   254   254
255   255   255   255   255   255   255   255   255   255   255   255   255   255   255   255   255   255   255   255   255   255   255   255   255   255   255   255
******* ECAL END ********

******* HCAL LUT ********
eta 1   2     3     4     5     6     7     8     9    10    11    12    13    14    15    16    17    18    19    20    21    22    23    24    25    26    27    28
  0     0     0     0     0     0     0     0     0     0     0     0     0     0     0     0     0     0     0     0     0     0     0     0     0     0     0     0
  0     0     0     0     0     0     0     0     0     0     0     0     0     0     0     0     0     0     0     0     0     0     0     0     0     0     0     0
  0     0     0     0     0     0     0     0     0     0     0     0     0     0     0     0     0     0     0     0     0     0     0     0     0     0     0     0
  0     0     0     0     0     0     0     0     0     0     0     0     0     0     0     0     0     1     1     1     0     0     0     0     0     0     0     0
  2     2     2     2     2     1     1     1     1     1     1     1     1     1     1     0     0     1     1     1     0     0     0     0     0     0     1     0
  2     2     2     2     2     2     2     2     2     2     1     1     1     1     1     1     1     2     2     1     1     1     0     0     0     0     1     1
  3     3     3     3     3     3     3     3     2     2     2     2     2     2     1     1     1     2     2     2     1     1     1     1     1     0     1     1
  4     4     4     4     4     3     3     3     3     3     2     2     2     2     2     1     1     3     3     3     1     1     1     1     1     1     2     1
  4     4     4     4     4     4     4     3     3     3     3     3     2     2     2     2     1     3     3     3     2     1     1     1     1     1     2     1
  5     5     5     5     5     4     4     4     4     4     3     3     3     2     2     2     2     4     4     3     2     2     1     1     1     1     2     2
  6     6     6     6     6     5     5     5     5     4     4     4     3     3     3     2     2     5     4     4     2     2     2     2     1     1     3     2
  6     6     6     6     6     6     5     5     5     5     4     4     4     3     3     3     2     5     5     4     3     2     2     2     1     1     3     2
  8     8     7     7     7     7     6     6     6     6     5     5     4     4     3     3     3     6     6     5     3     3     2     2     2     1     4     3
  8     8     8     8     8     7     7     7     6     6     5     5     5     4     4     3     3     6     6     6     3     3     3     2     2     2     4     3
  9     9     8     8     8     7     7     7     7     6     6     6     5     5     4     3     3     7     6     6     3     3     3     2     2     2     4     3
 10    10     9     9     9     8     8     8     7     7     7     6     6     5     5     4     3     7     7     7     4     4     3     3     2     2     5     3
 10    10    10    10    10     9     8     8     8     8     7     7     6     5     5     4     4     8     8     7     4     4     3     3     2     2     5     4
 11    11    11    11    11    10     9     9     9     8     8     8     7     6     5     5     4     9     8     8     5     4     4     3     3     2     5     4
 12    12    11    11    11    10    10    10     9     9     8     8     7     6     6     5     4     9     9     8     5     4     4     3     3     2     6     4
 13    13    12    12    12    11    11    10    10    10     9     9     8     7     6     5     5    10    10     9     5     5     4     4     3     3     6     5
 14    14    13    13    13    12    12    11    11    10     9     9     8     8     7     6     5    11    10    10     6     5     5     4     3     3     7     5
 14    14    14    14    14    13    12    12    11    11    10    10     8     8     7     6     5    11    11    10     6     5     5     4     4     3     7     5
 16    16    15    15    15    14    13    13    12    12    11    10     9     8     7     6     6    12    12    11     6     6     5     5     4     3     8     6
 17    17    16    16    16    14    14    14    13    12    11    11    10     9     8     7     6    13    12    12     7     6     6     5     4     4     8     6
 17    17    17    16    16    15    14    14    13    13    12    12    10     9     8     7     6    13    13    12     7     6     6     5     4     4     8     6
 18    18    18    17    17    16    15    15    14    14    12    12    11    10     9     8     7    14    14    13     8     7     6     5     5     4     9     7
 19    19    19    18    18    17    16    16    15    14    13    13    11    10     9     8     7    15    14    14     8     7     7     6     5     4     9     7
 20    20    20    19    19    18    17    17    16    15    14    14    12    11    10     9     8    16    15    14     9     8     7     6     5     4    10     8
 21    21    21    20    20    19    18    18    17    16    15    14    13    12    10     9     8    17    16    15     9     8     7     6     6     5    10     8
 22    22    21    21    21    19    18    18    17    16    15    15    13    12    11     9     8    17    16    16     9     8     8     7     6     5    11     8
 23    23    22    22    22    20    19    19    18    17    16    16    14    13    11    10     9    18    17    16    10     9     8     7     6     5    11     9
 24    24    23    23    23    21    20    20    19    18    17    16    14    13    12    10     9    19    18    17    10     9     8     7     6     5    12     9
 25    25    24    24    24    22    21    21    20    19    17    17    15    14    12    11    10    20    19    18    11    10     9     8     7     6    12    10
 26    26    25    25    25    23    22    21    20    20    18    18    16    14    13    11    10    20    20    19    11    10     9     8     7     6    13    10
 27    27    26    26    26    24    23    22    21    20    19    19    16    15    13    12    10    21    20    19    12    10     9     8     7     6    13    10
 28    28    27    27    27    25    24    23    22    21    19    19    17    16    14    12    11    22    21    20    12    11    10     9     7     6    14    11
 29    29    29    28    28    26    25    24    23    22    20    20    17    16    14    13    11    23    22    21    12    11    10     9     8     7    15    11
 28    27    27    29    29    27    26    25    24    23    21    21    18    17    15    13    12    24    23    22    13    12    11     9     8     7    15    12
 29    28    28    27    30    28    26    26    25    24    22    21    19    17    15    13    12    25    24    22    13    12    11    10     8     7    16    12
 30    30    29    28    27    29    28    27    26    25    23    23    20    18    16    14    13    26    25    24    14    13    12    10     9     7    16    13
 31    31    30    29    28    27    29    28    27    26    24    23    20    19    17    15    13    27    26    24    15    13    12    11     9     8    17    13
 32    32    31    30    29    28    25    29    27    26    24    24    21    19    17    15    14    28    26    25    15    14    12    11     9     8    17    14
 33    33    32    31    30    29    26    26    28    27    25    25    22    20    18    16    14    26    27    26    15    14    13    11    10     8    18    14
 34    34    33    32    31    29    27    26    29    28    26    25    22    21    18    16    14    27    28    27    16    14    13    12    10     8    19    14
 35    34    34    33    32    30    28    27    26    29    26    26    23    21    19    16    15    28    29    27    16    15    13    12    10     9    19    15
 37    36    35    34    33    32    29    28    27    30    28    27    24    22    20    17    15    29    27    29    17    16    14    12    11     9    20    15
 38    37    36    35    34    32    30    29    28    27    28    28    24    23    20    18    16    30    28    29    18    16    14    13    11     9    20    16
 39    38    37    36    35    33    30    30    29    28    29    29    25    23    21    18    16    31    29    28    18    16    15    13    11    10    21    16
 40    39    39    38    36    34    32    31    30    29    27    30    26    24    21    19    17    32    30    29    19    17    15    14    12    10    22    17
 37    40    40    38    37    35    32    32    30    30    27    31    27    25    22    19    17    33    31    29    19    17    16    14    12    10    22    17
 38    37    37    39    38    36    33    32    31    30    28    31    27    25    22    20    18    33    31    30    20    18    16    14    12    10    23    18
 39    39    38    37    39    37    34    33    32    31    29    28    28    26    23    20    18    35    32    31    20    19    17    15    13    11    24    18
 40    39    39    38    37    38    35    34    33    32    30    29    29    27    24    21    19    35    33    32    21    19    17    15    13    11    24    19
 41    41    40    39    38    37    36    35    34    33    30    30    28    28    25    22    19    37    34    33    21    20    18    16    13    11    25    19
 42    42    41    40    39    38    37    36    35    34    31    30    29    28    25    22    20    37    35    34    22    20    18    16    14    12    25    20
 44    43    43    41    40    39    35    37    36    35    32    31    30    29    26    23    20    38    36    35    23    21    19    16    14    12    26    20
 44    44    43    42    41    40    36    38    37    36    33    32    30    28    26    23    21    37    37    35    23    21    19    17    15    12    27    21
 46    45    45    43    42    41    37    36    38    37    34    33    31    29    27    24    21    39    38    37    24    22    20    17    15    13    28    21
 47    46    46    44    43    42    38    37    38    37    34    34    32    29    28    24    22    39    39    37    24    22    20    18    15    13    28    22
 48    47    47    45    44    43    39    38    36    38    35    35    33    30    26    25    23    40    40    38    25    23    20    18    16    13    29    23
 49    49    48    47    46    44    40    39    37    39    36    36    33    31    27    26    23    41    39    39    26    23    21    19    16    14    30    23
 48    47    49    48    46    45    41    40    38    40    37    36    34    32    28    26    24    42    39    40    26    24    21    19    16    14    30    24
 49    49    48    49    48    46    42    41    39    38    38    37    35    32    28    25    24    43    40    41    27    24    22    20    17    14    31    24
 50    50    49    48    49    47    43    42    40    39    39    38    36    33    29    25    25    44    42    39    27    25    23    20    17    15    32    25
 51    51    50    49    47    48    44    43    41    40    36    39    36    34    30    26    25    45    42    40    28    25    23    20    18    15    32    25
 53    52    51    50    49    49    45    44    42    41    37    40    37    35    30    27    24    46    43    41    29    26    24    21    18    15    33    26
 54    53    52    51    50    47    46    45    43    41    38    41    38    35    31    27    24    47    44    42    29    27    24    21    19    16    34    26
 55    55    53    52    51    48    46    46    44    42    39    37    39    36    32    28    25    49    45    43    30    27    25    22    19    16    35    27
 56    56    54    53    52    49    47    47    45    43    39    38    40    37    33    28    25    50    46    44    31    28    25    22    19    16    36    28
 57    57    55    54    53    49    47    48    45    44    40    39    41    38    33    29    26    48    47    44    31    28    26    23    20    17    36    28
 58    58    56    55    54    51    49    47    46    45    41    40    38    38    34    30    26    49    48    45    32    29    26    23    20    17    37    29
 56    56    58    57    55    52    50    48    47    46    42    41    39    39    35    30    27    50    49    46    33    30    27    24    21    17    38    29
 57    57    56    58    56    53    51    49    46    47    43    41    40    40    35    31    28    52    50    47    33    30    27    24    21    18    39    30
 59    59    57    56    58    54    52    50    47    48    44    42    40    41    36    31    28    53    47    48    34    31    28    25    21    18    39    31
 60    60    59    57    59    55    53    51    48    49    44    43    41    38    37    32    29    54    48    49    35    32    28    25    22    19    40    31
 61    61    60    58    56    56    54    52    49    46    45    44    42    39    38    33    29    55    48    50    35    32    29    26    22    19    41    32
 62    62    61    59    58    54    55    53    50    47    46    45    43    39    38    33    30    56    49    51    36    33    30    26    23    19    42    33
 63    63    62    60    59    55    56    54    51    48    47    46    44    40    39    34    30    57    50    49    37    33    30    27    23    20    43    33
 65    65    63    61    60    56    57    55    52    49    46    47    45    41    38    35    31    58    51    50    37    34    31    27    24    20    43    34
 66    66    64    62    61    58    56    56    53    50    47    47    45    42    38    35    32    59    52    51    38    35    31    28    24    20    44    34
 66    67    66    64    62    59    57    57    54    51    48    48    46    42    39    36    32    55    53    52    39    35    32    28    25    21    45    35
 67    67    67    65    63    60    58    54    54    52    49    49    47    43    40    37    33    56    54    53    39    36    32    29    25    21    46    36
 69    69    68    66    65    61    59    55    56    53    50    46    48    44    41    36    34    58    55    54    40    37    33    30    26    22    47    37
 70    70    69    66    66    62    60    56    57    54    51    46    49    45    41    36    34    59    56    55    41    38    34    30    26    22    48    37
 71    71    70    67    65    63    61    57    55    55    52    47    50    46    42    37    35    60    57    56    42    38    34    31    26    22    49    38
 73    72    71    68    66    64    62    58    56    56    52    48    51    46    43    38    35    61    55    57    42    39    35    31    27    23    49    38
 74    74    72    69    67    65    63    59    57    57    53    49    47    47    43    38    33    62    56    58    43    39    36    32    27    23    50    39
 75    75    74    71    68    65    65    60    58    55    54    50    48    48    44    39    34    63    57    59    44    40    36    32    28    24    51    40
 76    76    75    72    70    66    66    61    59    56    55    51    48    49    45    40    35    64    58    60    45    41    37    33    28    24    52    41
 78    78    76    73    71    68    64    62    60    56    56    51    49    50    46    40    35    65    59    61    45    42    37    33    29    24    53    41
 80    79    78    74    72    69    65    64    62    58    57    52    50    48    47    41    36    66    60    57    46    42    38    34    29    25    54    42
 81    80    79    75    73    70    66    64    62    58    54    53    51    49    47    42    37    66    61    58    47    43    39    34    30    25    55    43
 82    81    80    76    74    71    67    63    63    59    55    54    52    49    48    42    37    67    62    59    48    44    39    35    30    26    56    43
 84    83    81    77    76    72    68    65    65    60    56    55    53    50    49    43    38    68    63    60    49    44    40    36    31    26    57    44
 85    84    83    78    76    73    69    66    65    61    57    56    53    51    46    44    38    69    64    61    49    45    41    36    31    27    57    45
 86    85    84    80    77    75    71    67    63    62    58    53    54    52    47    44    39    70    65    62    50    46    41    37    32    27    58    46
 88    86    85    81    78    75    72    68    64    63    58    53    55    53    47    45    40    71    65    63    51    47    42    37    32    27    59    46
 85    88    87    82    80    76    73    69    65    64    60    54    56    54    48    46    40    72    66    64    52    47    43    38    33    28    60    47
 86    85    88    83    81    77    74    70    66    65    60    55    57    54    49    47    41    73    67    65    53    48    43    39    33    28    61    48
 87    87    86    85    82    78    73    71    67    66    61    56    54    55    50    45    42    75    68    66    54    49    44    39    34    29    62    48
 88    88    87    85    83    79    74    72    68    66    62    57    54    56    50    45    42    76    69    67    54    50    45    40    34    29    63    49
 90    89    89    86    85    81    76    73    69    68    63    58    55    57    51    46    43    76    70    66    55    50    45    40    35    30    64    50
 91    90    90    87    85    82    77    74    70    68    64    58    56    58    52    46    43    77    71    66    56    51    46    41    35    30    65    51
 93    92    91    89    86    83    78    75    71    70    63    59    57    59    53    47    44    78    72    67    57    52    47    42    36    31    66    51
 94    93    93    90    88    84    79    76    73    71    64    60    58    54    53    48    44    79    74    69    58    53    48    42    37    31    67    52
 97    94    94    91    89    84    80    77    73    72    65    61    58    54    54    49    45    80    74    69    58    53    48    43    37    31    68    53
 99    97    95    93    90    85    81    78    74    73    66    62    59    55    55    49    45    81    74    70    59    54    49    43    38    32    69    54
100    98    98    94    92    86    83    80    75    74    67    62    60    56    56    50    46    83    75    72    60    55    50    44    38    32    70    55
101    99    99    95    93    87    84    81    76    75    68    63    61    57    56    51    46    84    76    72    61    56    50    45    39    33    71    55
103   101   101    96    94    89    85    82    77    72    69    64    62    58    52    51    47    85    77    73    62    57    51    45    39    33    72    56
104   102   102    98    96    90    86    83    78    73    70    65    63    59    53    52    48    84    78    75    63    57    52    46    40    34    73    57
106   104   104    99    98    91    88    82    79    74    71    66    64    59    54    53    49    85    80    76    64    58    53    47    40    34    74    58
108   105   105   101    99    93    89    83    80    75    72    67    63    60    54    54    49    86    81    75    65    59    53    47    41    35    75    58
109   106   106   102   100    95    90    84    81    76    73    67    63    61    55    54    50    87    82    75    65    60    54    48    41    35    76    59
110   108   108   103   102    96    91    85    82    77    71    68    64    62    56    55    51    89    83    76    66    61    55    49    42    36    77    60
112   109   109   105   103    97    92    86    82    78    72    69    65    63    56    52    51    90    84    77    67    61    55    49    43    36    78    61
113   111   111   106   104    99    93    88    83    79    73    70    66    64    57    53    52    91    82    79    68    62    56    50    43    37    79    62
115   112   112   108   106   100    95    89    84    80    74    71    67    63    58    53    53    92    83    80    69    63    57    51    44    37    80    62
116   114   114   109   107   101    96    90    85    81    75    72    68    64    59    54    53    94    85    81    70    64    58    51    44    38    81    63
118   115   115   110   109   103    97    91    86    81    76    71    69    65    60    55    54    95    86    82    71    65    58    52    45    38    82    64
119   117   117   112   110   104    98    94    87    82    77    72    70    66    60    56    55    96    87    83    72    66    59    53    46    39    83    65
121   118   118   113   112   105   100    95    88    83    78    73    71    67    61    56    52    97    88    84    73    66    60    53    46    39    84    66
122   120   120   115   113   107   101    97    89    84    79    74    71    67    62    57    53    99    89    83    74    67    61    54    47    40    86    67
124   121   121   116   114   108   102    98    91    86    80    75    72    68    61    58    53   100    90    84    75    68    61    55    47    40    87    67
126   123   123   118   116   109   103    99    91    87    80    76    71    69    61    59    54   101    91    85    76    69    62    55    48    41    88    68
127   124   124   119   117   111   105   100    92    88    81    77    72    70    62    59    55   102    92    87    76    70    63    56    49    41    89    69
129   126   126   120   119   112   106   101    93    89    82    78    72    71    63    60    55   104    93    88    77    71    64    57    49    42    90    70
130   127   127   122   120   113   107   103    94    90    83    79    73    72    64    61    56   105    94    89    78    72    65    57    50    42    91    71
132   129   129   123   121   115   108   104    95    91    84    80    74    72    64    61    57   106    95    90    79    72    65    58    50    43    92    72
133   130   130   125   123   116   110   105    97    91    85    80    75    73    65    62    57   107    96    91    80    73    66    59    51    43    93    73
135   132   132   126   124   117   111   106    98    92    86    81    76    71    66    63    58   108    97    92    81    74    67    59    52    44    94    73
137   134   134   128   126   119   113   108    99    94    88    82    77    72    67    64    59   110    99    93    82    75    68    60    52    44    95    74
138   135   135   129   127   120   114   109   100    95    89    83    78    73    68    64    60   111   100    92    83    76    69    61    53    45    97    75
140   137   137   131   129   122   115   110   101    96    90    84    79    74    68    65    60   112   101    93    84    77    69    62    53    45    98    76
141   138   138   132   130   123   116   111   102    97    91    85    80    74    69    66    61   114   102    94    85    78    70    62    54    46    99    77
143   140   140   134   132   125   118   113   104    98    92    86    80    75    70    67    62   115   103    96    86    79    71    63    55    47   100    78
145   141   141   135   133   126   119   114   105    99    93    87    81    76    68    67    62   116   104    97    87    80    72    64    55    47   101    79
146   143   143   137   135   127   120   115   106   100    94    88    82    77    69    68    63   118   106    98    88    80    73    64    56    48   102    80
148   144   144   138   136   129   122   117   107   101    95    89    82    78    70    69    63   119   107    99    89    81    73    65    57    48   103    80
150   146   146   140   138   130   123   118   109   103    96    90    83    79    71    70    64   120   108   100    90    82    74    66    57    49   105    82
151   148   148   142   139   132   125   119   110   104    97    89    84    80    72    70    65   122   109   101    91    83    75    67    58    49   106    82
153   150   150   143   141   133   126   121   111   105    98    90    85    79    72    71    66   123   111   102    92    84    76    68    59    50   107    83
155   151   151   145   143   135   127   122   112   106    99    91    86    80    73    72    66   125   112   103    93    85    77    68    59    50   108    84
156   153   153   146   144   136   129   123   113   107   100    92    87    80    74    72    67   126   113   104    94    86    77    69    60    51   109    85
158   155   155   148   146   138   130   125   115   108   101    93    88    81    75    72    68   127   114   106    95    87    78    70    60    51   110    86
160   156   156   149   147   139   132   126   116   109   102    94    89    82    76    73    69   129   115   107    96    88    79    70    61    52   112    87
162   158   158   151   149   141   133   127   117   111   104    95    89    83    76    74    69   130   117   108    97    89    80    71    62    53   113    88
163   159   159   153   150   142   134   129   118   112   105    96    90    84    77    75    70   131   118   109    98    90    81    72    62    53   114    89
165   161   161   155   152   144   136   130   120   113   106    97    91    85    79    76    71   133   119   110    99    91    82    73    63    54   115    90
167   163   163   156   154   145   137   131   121   114   107    98    92    86    79    76    72   134   120   111   100    92    83    73    64    54   116    91
168   165   165   158   155   147   139   133   122   115   108    99    93    87    80    77    73   136   122   113   101    93    84    74    64    55   118    92
170   166   166   159   157   148   140   134   123   117   109   100    94    88    81    78    74   137   123   114   102    93    84    75    65    55   119    93
172   168   168   161   159   150   142   136   125   118   110   101    95    89    82    79    75   138   124   115   103    95    85    76    66    56   120    94
174   170   170   163   160   151   143   137   126   119   112   102    96    89    83    80    75   140   125   116   105    96    86    77    67    57   121    95
175   171   171   164   162   153   144   138   127   120   113   103    97    90    84    80    76   141   127   117   106    96    87    77    67    57   123    96
177   173   173   166   163   154   146   140   129   122   114   104    98    91    84    81    77   143   128   118   107    97    88    78    68    58   124    97
179   175   175   168   165   156   148   141   130   123   115   105    99    92    85    79    78   144   129   120   108    99    89    79    69    58   125    98
181   177   177   169   167   157   149   143   131   124   116   106   100    93    86    80    78   145   130   121   109    99    90    80    69    59   126    98
183   179   179   171   168   159   150   144   133   125   117   107   101    94    87    81    79   147   132   122   110   100    91    81    70    59   128   100
185   180   180   173   170   161   152   146   134   127   118   109   102    95    88    82    80   149   133   123   111   101    92    81    71    60   129   101
186   182   182   175   172   162   154   147   135   128   120   110   103    96    87    83    81   150   135   125   112   103    93    82    71    61   130   102
188   184   184   176   173   164   155   148   136   129   121   111   104    96    88    83    82   151   136   126   113   103    93    83    72    61   131   102
190   186   186   178   175   165   156   150   138   130   122   112   105    97    89    84    82   153   137   127   114   104    94    84    73    62   133   103
192   188   188   180   177   167   158   151   139   132   123   113   106    98    90    85    79   154   138   128   116   105    95    85    73    62   134   105
194   189   189   181   179   169   160   153   141   133   124   114   107    99    91    86    80   156   140   129   117   107    96    85    74    63   135   106
196   191   191   183   180   170   161   154   142   134   126   115   108   100    92    87    81   158   141   131   118   108    97    86    75    64   137   107
197   193   193   185   182   172   162   156   143   135   127   116   109   101    92    87    81   159   142   132   119   108    98    87    76    64   138   107
199   195   195   186   184   173   164   157   144   137   128   117   110   102    93    88    82   160   144   133   120   110    99    88    76    65   139   109
201   197   197   188   185   175   166   159   146   138   129   118   111   103    94    90    83   162   145   134   121   111   100    89    77    65   140   110
203   198   198   190   187   177   167   160   147   139   130   119   112   104    95    91    84   163   146   136   122   112   101    90    78    66   142   111
205   200   200   192   189   178   169   162   149   140   131   121   113   105    96    92    85   165   148   137   123   113   102    90    78    67   143   112
207   202   202   194   191   180   170   163   150   142   133   122   114   106    97    93    85   166   149   138   125   114   103    91    79    67   145   113
209   204   204   195   192   182   172   165   151   143   134   123   115   107    98    94    86   168   151   139   126   115   104    92    80    68   146   114
211   206   206   197   194   183   174   166   153   144   135   124   116   108    99    94    87   170   152   141   127   116   105    93    81    69   147   115
212   208   208   199   196   185   175   168   154   146   136   125   117   109    99    95    88   171   153   142   128   117   106    94    81    69   149   116
214   210   210   201   198   187   177   169   156   147   138   126   118   110   100    96    89   173   155   143   129   118   106    95    82    70   150   117
216   211   211   203   199   188   178   171   157   148   139   127   119   111   101    97    91   174   156   145   130   119   107    95    83    70   151   118
218   213   213   204   201   190   180   172   158   150   140   128   120   112   102    98    92   176   158   146   131   120   108    96    84    71   153   119
221   216   216   207   203   192   182   174   160   151   142   130   121   113   103    99    93   178   159   147   133   121   110    97    85    72   154   120
222   217   217   208   205   194   183   176   161   153   143   131   123   114   104   100    93   179   161   149   134   122   110    98    85    72   155   121
224   219   219   210   207   195   185   177   163   154   144   132   124   115   105   101    94   181   162   150   135   123   111    99    86    73   157   122
226   221   221   212   209   197   186   179   164   155   145   133   125   116   106   101    95   182   163   151   136   125   112   100    87    74   158   123
228   223   223   214   210   199   188   180   166   157   147   134   126   117   107   102    96   184   165   153   137   126   113   101    87    74   160   124
230   225   225   216   212   200   190   182   167   158   148   135   127   118   108   103    97   185   166   154   139   127   114   102    88    75   161   125
232   227   227   218   214   202   192   183   169   159   149   137   128   119   109   104    98   187   168   155   140   128   115   103    89    76   162   127
234   229   229   219   216   204   193   185   170   161   150   138   129   120   110   105    98   189   169   157   141   129   116   103    90    76   164   128
236   231   231   221   218   206   195   186   171   162   152   139   130   121   111   106    99   190   171   158   142   130   117   104    91    77   165   129
239   233   233   223   220   208   197   188   173   164   153   140   131   122   112   107   100   192   172   159   144   131   118   105    91    78   167   130
240   235   235   225   222   209   198   190   175   165   154   142   132   123   113   108   101   194   174   161   145   132   119   106    92    78   168   131
242   237   237   227   224   211   200   191   176   166   156   143   134   124   113   109   102   195   175   162   146   133   120   107    93    79   169   132
245   239   239   229   226   213   202   193   178   168   157   144   135   125   115   110   103   197   177   164   147   135   122   108    94    80   171   133
247   241   241   231   227   215   203   195   179   169   158   145   136   126   115   111   104   199   178   165   149   136   122   109    95    80   172   134
248   243   243   233   229   216   205   196   180   170   160   146   137   127   116   111   104   200   179   166   150   137   123   110    95    81   174   135
251   245   245   235   231   218   207   198   182   172   161   148   138   129   117   113   105   202   181   168   151   138   125   111    96    82   175   137
253   247   247   237   233   220   208   199   183   173   162   149   139   130   118   113   106   204   182   169   152   139   126   112    97    82   177   138
255   249   249   239   235   222   210   201   185   175   164   150   141   131   119   114   107   205   184   170   154   140   127   113    98    83   178   139
255   251   251   241   237   224   212   203   186   176   165   151   142   132   120   115   108   207   186   172   155   141   128   113    98    84   180   140
255   253   253   242   239   225   213   204   188   178   166   152   143   133   121   116   109   208   187   173   156   142   129   114    99    84   181   141
255   255   255   245   241   227   215   206   190   179   168   154   144   134   122   117   110   210   189   175   157   144   130   115   100    85   183   142
255   255   255   246   243   229   217   208   191   180   169   155   145   135   123   118   110   212   190   176   158   145   131   116   101    86   184   143
255   255   255   249   245   231   219   209   193   182   170   156   146   136   124   119   111   214   192   177   160   146   132   117   102    87   186   145
255   255   255   251   247   233   221   211   194   184   172   158   148   137   125   120   112   216   193   179   161   147   133   118   103    87   187   146
255   255   255   252   249   235   222   213   196   185   173   159   149   138   126   121   113   217   195   180   162   148   134   119   103    88   188   147
255   255   255   255   251   237   224   215   197   187   175   160   150   139   127   122   114   219   196   182   164   150   135   120   104    89   190   148
255   255   255   255   252   238   226   216   199   188   176   161   151   140   128   123   115   220   198   183   165   151   136   121   105    89   191   149
255   255   255   255   255   240   228   218   200   189   177   163   152   142   129   124   116   222   199   185   166   152   137   122   106    90   193   151
255   255   255   255   255   242   229   220   202   191   179   164   153   143   130   125   117   224   201   186   168   153   138   123   107    91   195   152
255   255   255   255   255   244   231   221   203   192   180   165   154   144   131   126   118   226   202   187   169   154   139   124   107    91   196   153
255   255   255   255   255   246   233   223   205   194   181   166   156   145   132   127   119   228   204   189   170   156   140   125   108    92   198   154
255   255   255   255   255   248   235   225   207   195   183   168   157   146   133   128   120   229   206   190   172   157   142   126   109    93   199   155
255   255   255   255   255   250   236   226   208   197   184   169   158   147   134   129   120   231   207   192   173   158   142   127   110    94   201   156
255   255   255   255   255   252   238   228   210   198   186   170   159   148   135   130   121   233   209   193   174   159   144   128   111    94   202   158
255   255   255   255   255   254   240   230   212   200   187   172   161   150   136   131   122   235   210   195   176   160   145   129   112    95   204   159
255   255   255   255   255   255   242   232   213   202   189   173   162   151   138   132   123   237   212   196   177   162   146   130   113    96   205   160
255   255   255   255   255   255   244   233   215   203   190   174   163   152   138   133   124   238   213   198   178   163   147   131   113    96   207   161
255   255   255   255   255   255   246   235   216   204   191   175   164   153   140   134   125   240   215   199   180   164   148   132   114    97   208   162
255   255   255   255   255   255   247   237   218   206   193   177   165   154   141   135   126   242   217   201   181   165   149   133   115    98   210   164
255   255   255   255   255   255   249   239   220   208   194   178   167   155   142   136   127   244   218   202   182   167   150   134   116    99   212   165
255   255   255   255   255   255   251   241   221   209   196   179   168   156   143   137   128   245   220   204   184   168   151   135   117    99   213   166
255   255   255   255   255   255   253   242   223   211   197   181   169   158   144   138   129   247   222   205   185   169   153   136   118   100   215   168
255   255   255   255   255   255   255   244   225   212   199   182   171   159   145   139   130   249   223   207   186   170   154   137   119   101   216   169
255   255   255   255   255   255   255   246   226   214   200   183   172   160   146   140   131   251   225   208   188   171   155   138   119   102   218   170
255   255   255   255   255   255   255   247   228   215   201   185   173   161   147   141   132   253   227   210   189   173   156   139   120   102   219   171
255   255   255   255   255   255   255   249   229   217   203   186   174   162   148   142   133   254   228   211   190   174   157   140   121   103   221   172
255   255   255   255   255   255   255   251   231   218   204   187   175   163   149   143   134   255   230   213   192   175   158   141   122   104   223   174
255   255   255   255   255   255   255   253   233   220   206   189   177   164   150   144   135   255   231   214   193   176   159   142   123   105   224   175
255   255   255   255   255   255   255   255   234   221   207   190   178   166   151   145   136   255   233   216   195   178   160   143   124   105   226   176
255   255   255   255   255   255   255   255   236   223   209   191   179   167   152   146   137   255   235   217   196   179   162   144   125   106   227   177
255   255   255   255   255   255   255   255   238   225   210   193   180   168   153   147   138   255   236   219   197   180   163   145   126   107   229   179
255   255   255   255   255   255   255   255   239   226   212   194   182   169   154   148   139   255   238   220   199   182   164   146   126   108   231   180
255   255   255   255   255   255   255   255   241   228   213   195   183   170   155   149   139   255   240   222   200   183   165   147   127   108   232   181
255   255   255   255   255   255   255   255   243   230   215   197   185   172   157   150   141   255   242   224   202   184   166   148   128   109   234   183
255   255   255   255   255   255   255   255   245   231   216   198   186   173   158   151   142   255   243   225   203   186   167   149   129   110   236   184
255   255   255   255   255   255   255   255   246   233   218   200   187   174   159   152   143   255   245   227   204   187   169   150   130   111   237   185
255   255   255   255   255   255   255   255   248   234   219   201   188   175   160   153   144   255   247   228   206   188   170   151   131   111   239   186
255   255   255   255   255   255   255   255   250   236   221   202   190   176   161   154   144   255   248   230   207   189   171   152   132   112   240   188
255   255   255   255   255   255   255   255   251   238   222   204   191   178   162   155   145   255   250   231   209   191   172   153   133   113   242   189
255   255   255   255   255   255   255   255   253   239   224   205   192   179   163   156   146   255   252   233   210   192   173   154   134   114   244   190
255   255   255   255   255   255   255   255   255   241   226   207   194   180   164   158   148   255   254   235   212   193   175   155   135   115   246   192
255   255   255   255   255   255   255   255   255   243   227   208   195   181   166   159   149   255   255   236   213   195   176   156   136   115   247   193
255   255   255   255   255   255   255   255   255   244   228   209   196   183   167   160   149   255   255   238   214   196   177   157   137   116   249   194
255   255   255   255   255   255   255   255   255   246   230   211   197   184   168   161   150   255   255   239   216   197   178   158   137   117   250   195
255   255   255   255   255   255   255   255   255   248   232   212   199   185   169   162   152   255   255   241   217   199   179   159   138   118   252   197
255   255   255   255   255   255   255   255   255   249   233   214   200   186   170   163   153   255   255   243   219   200   180   160   139   119   254   198
255   255   255   255   255   255   255   255   255   251   235   215   201   187   171   164   153   255   255   244   220   201   182   161   140   119   255   199
255   255   255   255   255   255   255   255   255   253   236   217   203   189   172   165   155   255   255   246   222   203   183   163   141   120   255   201
255   255   255   255   255   255   255   255   255   254   238   218   204   190   173   166   156   255   255   248   223   204   184   164   142   121   255   202
255   255   255   255   255   255   255   255   255   255   239   219   205   191   175   167   157   255   255   249   225   205   185   165   143   122   255   203
255   255   255   255   255   255   255   255   255   255   241   221   207   193   176   168   158   255   255   251   226   207   187   166   144   123   255   205
255   255   255   255   255   255   255   255   255   255   243   222   208   194   177   170   159   255   255   252   228   208   188   167   145   123   255   206
255   255   255   255   255   255   255   255   255   255   244   224   210   195   178   171   160   255   255   254   229   209   189   168   146   124   255   207
255   255   255   255   255   255   255   255   255   255   246   225   211   196   179   172   161   255   255   255   231   211   190   169   147   125   255   209
255   255   255   255   255   255   255   255   255   255   247   227   212   198   180   173   162   255   255   255   232   212   191   170   148   126   255   210
255   255   255   255   255   255   255   255   255   255   249   228   214   199   182   174   163   255   255   255   234   213   193   171   149   127   255   211
255   255   255   255   255   255   255   255   255   255   250   230   215   200   183   175   164   255   255   255   235   215   194   172   150   127   255   213
255   255   255   255   255   255   255   255   255   255   251   230   216   201   183   176   164   255   255   255   236   216   195   173   150   128   255   214
******* HCAL END ********
20-Nov-2015 22:08:38 CET  Closed file root://cmsxrootd.fnal.gov//store/express/Run2015D/ExpressPhysics/FEVT/Express-v4/000/260/627/00000/001C83FD-BD81-E511-A386-02163E01381C.root?source=glow

=============================================

MessageLogger Summary

 type     category        sev    module        subroutine        count    total
 ---- -------------------- -- ---------------- ----------------  -----    -----
    1 XrdAdaptor           -w file_open                              1        1
    2 XrdAdaptorInternal   -w file_open                              2        2
    3 fileAction           -s file_close                             1        1
    4 fileAction           -s file_open                              3        3

 type    category    Examples: run/evt        run/evt          run/evt
 ---- -------------------- ---------------- ---------------- ----------------
    1 XrdAdaptor           pre-events                        
    2 XrdAdaptorInternal   pre-events       pre-events       
    3 fileAction           PostEndRun                        
    4 fileAction           pre-events       pre-events       pre-events

Severity    # Occurrences   Total Occurrences
--------    -------------   -----------------
Warning                 3                   3
System                  4                   4


